fit_wait_times_list:
0
300
600
900
1200
1500
1800
2100
2400
2700
3000
3300
3600
3900
4200
4500
4800
5100
5400
5700
6000
6300
6600
6900
7200
7500
7800
8100
8400
8700
9000
9300
9600
9900
10200
10500
10800
11100
11400
11700
12000
12300
12600
12900
13200
13500
13800
14100
14400
14700
15000
15300
15600
15900
16200
16500
16800

fit_phases_list:
0.0519841320335458
0.006108372784055515
0.24464117847620737
0.34783159566096167
0.5310906212363498
0.5904194250098296
0.7658911282449707
0.7356698670959617
0.8150190764402228
0.778947044522369
1.0056149173252444
1.1185208935507318
1.3534760165826325
1.317004998226422
1.413697433075908
1.2844247771560986
1.2043639890707631
1.1894513542171363
1.106911535812368
0.9999193334034391
1.0094588963313769
0.9417725474323868
1.1537071416855287
1.2414598689056662
1.3101336819970084
1.3159411293431245
1.2331737232747382
1.3040968467015717
1.1583727658550873
1.0889628399268372
0.9632441125387761
0.8396560613663046
0.5660079566166121
0.3977258388599618
0.20660324509771152
0.325526541726952
0.25626813985512953
0.3681489058644389
0.18409955053188948
-0.2474895417007562
-0.0725721472486821
-0.25196522250702097
-0.04193834387319127
-0.19016281090175172
0.13657147643847622
0.0035716803325246773
0.06304445293100865
0.03629482132439091
0.18058537810203024
0.21758302822002998
0.1957369885293907
-0.07525288616793323
0.015011209105163223
-0.09719229698348757
-0.17162543943211891
-0.07648529743432993
0.004466874421048349

fit_phase_errors_list:
0.02353381452387927
0.024155065200577336
0.02125658015468615
0.023937337344045587
0.023285201834116066
0.022988341631561698
0.02290626635632413
0.02353764294467278
0.023168842114433146
0.024637191702824513
0.024691263618253186
0.02339074557490984
0.025220558835837372
0.024210919294930095
0.02391128961310513
0.024217716332320963
0.02461708540190312
0.023988796014022255
0.02311877067471801
0.021149315949544563
0.022281181240085726
0.021923012192915564
0.022232349347202262
0.024578661111448224
0.024310864527791458
0.02443068698662455
0.024976954591707474
0.023535047409557922
0.02464013774498379
0.022834324464083375
0.02351490749648605
0.020337386905467474
0.02356878610038256
0.024482528302265237
0.023766871041081196
0.02320403047192971
0.023566847828340582
0.024097516101678595
0.023648690783969313
0.022390635802576112
0.02397944232464097
0.02544643112983456
0.02429214021556563
0.024281116961138858
0.023343233385129256
0.02579404185381365
0.024985460623787363
0.024030899131072283
0.02455300119357181
0.02470214503675385
0.025480115207680065
0.024923375638066892
0.026661835465097188
0.024249056360060767
0.023908748542521892
0.025236574198733746
0.026892227972532445
